ID	chrom	start	end	slod	sites	positive_lods	negative_lods	mask_and_maf	in_mask	maf_low	maf_high	rec_2_0	rec_0_2
NA06986	21	14074685	14088556	3.36335	17	13	0	0	0	1	3	0	0
NA07019	21	14076419	14088556	3.00012	15	11	0	0	0	1	3	0	0
NA06994	21	14074685	14088556	4.87289	17	12	1	0	0	1	3	0	0
NA07029	21	14074685	14088556	4.86357	17	13	0	0	0	1	3	0	0
NA07000	21	14106610	14117445	3.11796	18	18	0	0	0	0	0	0	0
NA06984	21	14104055	14117445	3.20039	19	19	0	0	0	0	0	0	0
NA07022	21	14106610	14141295	4.86171	49	32	16	0	0	1	1	1	0
NA07037	21	14127320	14141295	6.00667	17	17	0	0	0	0	0	0	0
NA07022	21	14173679	14186380	4.25416	14	14	0	0	0	0	0	0	0
NA07037	21	14173679	14186380	4.25416	14	14	0	0	0	0	0	0	0
NA06986	21	14104055	14141295	9.16531	50	48	1	0	0	1	1	1	0
NA06986	21	14173679	14186380	4.25416	14	14	0	0	0	0	0	0	0
NA07019	21	14104055	14141295	9.16531	50	48	1	0	0	1	1	1	0
NA07019	21	14173679	14186380	4.25416	14	14	0	0	0	0	0	0	0
NA07029	21	14104055	14141295	10.3085	50	33	16	0	0	1	1	1	0
NA07029	21	14173679	14186380	5.74114	14	14	0	0	0	0	0	0	0
NA07019	21	14194860	14216548	6.41291	34	25	1	0	0	9	0	1	0
NA07022	21	14194860	14216548	6.70901	34	25	1	0	0	9	0	1	0
NA07029	21	14194860	14216548	7.89929	34	25	1	0	0	9	0	1	0
NA06986	21	14194860	14216548	6.41291	34	25	1	0	0	9	0	1	0
NA07037	21	14194860	14216548	6.41291	34	25	1	0	0	9	0	1	0
NA06994	21	14104055	14216548	22.1189	115	92	14	0	0	20	1	12	0
NA07045	21	14240514	14246161	3.08169	16	15	0	0	0	0	1	0	0
NA07045	21	14256334	14260637	4.03795	18	18	0	0	0	0	0	0	0
NA06994	21	14240514	14260637	9.0756	69	60	4	0	0	8	1	4	0
NA06994	21	14263250	14267052	6.03357	22	22	0	0	0	0	0	0	0
NA07045	21	14263250	14267052	6.33167	22	22	0	0	0	0	0	0	0
NA06994	21	14275110	14290064	3.45644	23	20	2	0	0	1	0	0	0
NA07029	21	14275110	14290064	4.32557	23	22	0	0	0	1	0	0	0
NA07045	21	14275110	14291719	5.26761	24	23	0	0	0	1	0	0	0
NA07051	21	14276164	14291719	4.4843	22	21	0	0	0	1	0	0	0
NA06984	21	14293162	14306164	3.31001	13	13	0	0	0	0	0	0	0
NA07000	21	14293162	14306164	3.31001	13	13	0	0	0	0	0	0	0
NA07029	21	14293162	14306164	3.31001	13	13	0	0	0	0	0	0	0
NA07048	21	14317762	14326797	5.09703	11	10	0	0	0	1	0	0	0
NA06994	21	14339451	14343803	4.33872	14	14	0	0	0	0	0	0	0
NA06995	21	14339451	14343803	4.33872	14	14	0	0	0	0	0	0	0
NA07014	21	14339451	14343803	4.33872	14	14	0	0	0	0	0	0	0
NA07048	21	14339451	14343803	4.33872	14	14	0	0	0	0	0	0	0
NA07051	21	14339451	14343803	4.33872	14	14	0	0	0	0	0	0	0
NA06997	21	14321520	14348468	13.8533	44	37	5	0	0	2	0	0	0
NA07045	21	14321520	14356253	16.0221	50	47	1	0	0	3	0	1	0
NA06985	21	14385381	14413087	3.78982	17	11	3	0	0	2	1	0	0
NA07022	21	14385381	14413087	3.78982	17	11	3	0	0	2	1	0	0
NA07048	21	14385381	14413087	3.78982	17	11	3	0	0	2	1	0	0
NA07014	21	14357196	14413087	7.48284	40	36	1	0	0	3	1	1	0
NA07019	21	14356253	14413087	11.563	41	37	1	0	0	3	1	1	0
NA07034	21	14317762	14349894	16.6326	51	46	3	0	0	2	0	0	0
NA07034	21	14385381	14413087	3.78982	17	11	3	0	0	2	1	0	0
NA07031	21	14317762	14413087	16.5947	97	59	33	0	0	6	1	2	0
NA07019	21	14446911	14455718	3.06472	7	7	0	0	0	0	0	0	0
NA06997	21	14506042	14526295	7.72453	63	38	2	0	0	24	1	2	0
NA06991	21	14523257	14528811	3.71539	21	17	0	0	0	4	0	0	0
NA06993	21	14517337	14527877	3.54029	44	25	2	0	0	17	1	1	0
NA06994	21	14523257	14528811	3.71539	21	17	0	0	0	4	0	0	0
NA06995	21	14506042	14526470	7.82032	64	39	2	0	0	24	1	2	0
NA07000	21	14523257	14528811	3.3746	21	17	0	0	0	4	0	0	0
NA07014	21	14523257	14528811	3.3746	21	17	0	0	0	4	0	0	0
NA07019	21	14523257	14528811	3.3746	21	17	0	0	0	4	0	0	0
NA07029	21	14523257	14528811	3.71539	21	17	0	0	0	4	0	0	0
NA06984	21	14506042	14526885	8.97195	66	41	2	0	0	24	1	2	0
NA06989	21	14506042	14526885	8.97195	66	41	2	0	0	24	1	2	0
NA07037	21	14506042	14526885	8.97195	66	41	2	0	0	24	1	2	0
NA06985	21	14567984	14575760	5.01961	15	10	0	0	0	3	2	0	0
NA06994	21	14567984	14575760	4.4274	15	10	0	0	0	3	2	0	0
NA07029	21	14567984	14575760	5.01961	15	10	0	0	0	3	2	0	0
NA06986	21	14567984	14575760	6.51896	15	10	0	0	0	3	2	0	0
NA06985	21	14706423	14717958	5.00875	69	55	14	0	0	7	0	7	0
NA06995	21	14706423	14717958	5.00875	69	55	14	0	0	7	0	7	0
NA06989	21	14706423	14718522	7.33538	72	64	7	0	0	8	0	7	0
NA07048	21	14706423	14718522	7.33538	72	64	7	0	0	8	0	7	0
NA06991	21	14706423	14717958	5.00875	69	55	14	0	0	7	0	7	0
NA07034	21	14706423	14718522	23.8048	72	64	7	0	0	8	0	7	0
NA07029	21	14702431	14719984	19.1805	82	57	9	0	0	16	0	0	0
NA06994	21	14686860	14719984	22.8653	97	77	0	0	0	19	1	0	0
NA06989	21	14753238	14756533	4.46182	18	15	0	0	0	3	0	0	0
NA06993	21	14753238	14756533	4.1668	18	14	1	0	0	3	0	0	0
NA07031	21	14753238	14756533	4.1668	18	14	1	0	0	3	0	0	0
NA07045	21	14753238	14756533	4.1668	18	14	1	0	0	3	0	0	0
NA06984	21	14753238	14756533	4.1668	18	14	1	0	0	3	0	0	0
NA07029	21	14753238	14756533	4.46182	18	15	0	0	0	3	0	0	0
NA07000	21	14753238	14756533	4.76077	18	15	0	0	0	3	0	0	0
NA07034	21	14753238	14756533	4.1668	18	14	1	0	0	3	0	0	0
NA07048	21	14753238	14756533	4.46182	18	15	0	0	0	3	0	0	0
NA06986	21	14753238	14756533	4.46182	18	15	0	0	0	3	0	0	0
NA06985	21	14785386	14841733	13.8046	74	42	24	0	0	8	2	2	0
NA06995	21	14785386	14841733	18.4151	74	64	2	0	0	8	2	2	0
NA06997	21	14785386	14841733	19.0125	74	64	2	0	0	8	2	2	0
NA07037	21	14785386	14841733	18.4151	74	64	2	0	0	8	2	2	0
NA07000	21	14785386	14841733	18.4151	74	64	2	0	0	8	2	2	0
NA07034	21	14865487	14880945	6.87504	16	15	0	0	0	0	1	0	0
NA07048	21	14869783	14880945	6.35811	13	12	1	0	0	0	0	0	0
NA06986	21	14785386	14841733	18.4151	74	64	2	0	0	8	2	2	0
NA06986	21	14869783	14880945	5.51234	13	9	4	0	0	0	0	0	0
NA07048	21	15069324	15074184	3.90082	12	11	0	0	0	1	0	0	0
NA06989	21	15069324	15079524	5.01229	19	14	0	0	0	5	0	0	0
NA06995	21	15151926	15180118	4.35856	18	15	3	0	0	3	0	3	0
NA07034	21	15469641	15497465	4.79792	30	12	0	0	0	18	0	0	0
NA06994	21	15524288	15538810	3.43191	21	13	1	0	0	6	1	0	0
NA06997	21	15524288	15538810	4.895	21	14	0	0	0	6	1	0	0
NA06986	21	15524288	15538810	6.39392	21	14	0	0	0	6	1	0	0
NA07022	21	15524288	15538810	6.39392	21	14	0	0	0	6	1	0	0
NA06997	21	15543431	15549454	3.69956	13	12	0	0	0	1	0	0	0
NA06986	21	15543431	15549454	4.59789	13	12	0	0	0	1	0	0	0
NA06994	21	15543431	15549454	4.59789	13	12	0	0	0	1	0	0	0
NA07022	21	15543431	15549454	4.59789	13	12	0	0	0	1	0	0	0
NA07034	21	15574315	15587429	11.5117	27	22	2	0	0	5	0	2	0
NA06991	21	15573922	15587429	12.3147	29	23	3	0	0	5	0	2	0
NA06993	21	15573922	15587429	12.3147	29	23	3	0	0	5	0	2	0
NA06985	21	15686584	15691251	4.60416	8	8	0	0	0	0	0	0	0
NA06989	21	15686394	15691542	4.10518	10	9	0	0	0	1	0	0	0
NA06991	21	15686584	15691542	5.00235	9	9	0	0	0	0	0	0	0
NA06993	21	15686584	15691542	5.30201	9	9	0	0	0	0	0	0	0
NA06993	21	15732313	15738658	3.98933	6	6	0	0	0	0	0	0	0
NA06993	21	15740554	15752941	6.36157	14	12	1	0	0	2	0	1	0
NA06993	21	15774009	15794887	5.47356	19	16	3	0	0	3	0	3	0
NA06993	21	15801127	15829754	5.56445	22	18	4	0	0	4	0	4	0
NA06993	21	15848001	15849844	3.02337	4	4	0	0	0	0	0	0	0
NA06993	21	15853295	15857989	3.02337	4	4	0	0	0	0	0	0	0
NA06985	21	16018129	16039824	3.11729	35	25	0	0	0	10	0	0	0
NA07014	21	16018129	16039824	3.11729	35	25	0	0	0	10	0	0	0
NA07019	21	16018129	16039824	3.11729	35	25	0	0	0	10	0	0	0
NA07031	21	16018129	16039824	3.11729	35	25	0	0	0	10	0	0	0
NA07037	21	16018129	16039824	3.11729	35	25	0	0	0	10	0	0	0
NA07045	21	16018129	16039824	3.11729	35	25	0	0	0	10	0	0	0
NA07051	21	16018129	16039824	3.11729	35	25	0	0	0	10	0	0	0
NA06989	21	16023356	16038617	3.02648	22	11	4	0	0	7	0	0	0
NA06991	21	16023356	16038617	3.02648	22	11	4	0	0	7	0	0	0
NA06993	21	16023356	16038617	3.02648	22	11	4	0	0	7	0	0	0
NA06994	21	16023356	16038617	3.02648	22	11	4	0	0	7	0	0	0
NA06995	21	16023356	16038617	3.02648	22	11	4	0	0	7	0	0	0
NA07022	21	16023356	16038617	3.02648	22	11	4	0	0	7	0	0	0
NA07048	21	16023356	16038617	3.02648	22	11	4	0	0	7	0	0	0
NA06986	21	16018129	16038617	5.03587	33	23	0	0	0	10	0	0	0
NA06997	21	16018129	16038617	5.03587	33	23	0	0	0	10	0	0	0
NA07000	21	16018129	16040859	3.81575	37	26	0	0	0	11	0	0	0
NA07029	21	16018129	16040859	3.81575	37	26	0	0	0	11	0	0	0
NA07034	21	16023356	16043835	5.657	28	13	6	0	0	9	0	0	0
NA06984	21	16023356	16043835	5.93666	28	14	5	0	0	9	0	0	0
NA06984	21	16171415	16176298	3.65497	10	7	0	0	0	2	1	0	0
NA07000	21	16172836	16176298	3.61033	9	6	0	0	0	2	1	0	0
NA07034	21	16172836	16176298	3.61033	9	6	0	0	0	2	1	0	0
NA07048	21	16172836	16176298	3.61033	9	6	0	0	0	2	1	0	0
NA07051	21	16172836	16176298	3.61033	9	6	0	0	0	2	1	0	0
NA06986	21	16286221	16290633	4.20689	9	8	0	0	0	0	1	0	0
NA07014	21	16382030	16390318	4.7407	21	12	0	0	0	4	5	0	0
NA07048	21	16382030	16390318	4.7407	21	12	0	0	0	4	5	0	0
NA07019	21	16402213	16435879	5.49458	34	31	1	0	0	3	0	1	0
NA07037	21	16416724	16435879	3.06481	21	19	1	0	0	1	0	0	0
NA07051	21	16416724	16435879	3.06481	21	19	1	0	0	1	0	0	0
NA06994	21	16435879	16456485	6.5267	38	24	10	0	0	4	0	0	0
NA06985	21	16441877	16465864	7.74408	34	29	0	0	0	4	1	0	0
NA07031	21	16435879	16465864	6.62613	40	25	10	0	0	4	1	0	0
NA07022	21	16402213	16456485	14.6112	72	65	1	0	0	7	0	1	0
NA06984	21	16399603	16465864	16.8455	79	70	1	0	0	8	1	1	0
NA06986	21	16643723	16649033	5.21178	20	20	0	0	0	0	0	0	0
NA06997	21	16643723	16649033	5.21178	20	20	0	0	0	0	0	0	0
NA07019	21	16643723	16649033	5.21178	20	20	0	0	0	0	0	0	0
NA07022	21	16643723	16649033	5.21178	20	20	0	0	0	0	0	0	0
NA07048	21	16643723	16649033	5.21178	20	20	0	0	0	0	0	0	0
NA06989	21	16643723	16649033	5.21178	20	20	0	0	0	0	0	0	0
NA07000	21	16643723	16649033	5.21178	20	20	0	0	0	0	0	0	0
NA07037	21	16643723	16649033	5.21178	20	20	0	0	0	0	0	0	0
NA07045	21	16643723	16649033	11.1909	20	20	0	0	0	0	0	0	0
NA07045	21	16672047	16674882	3.65231	8	7	0	0	0	1	0	0	0
NA06994	21	16634731	16652960	9.40087	54	40	0	0	0	14	0	0	0
NA06994	21	16658584	16675067	3.38148	33	15	0	0	0	18	0	0	0
NA06989	21	16830686	16838681	3.42364	14	10	3	0	0	0	1	0	0
NA06993	21	16830686	16838681	3.42364	14	10	3	0	0	0	1	0	0
NA07022	21	16830686	16838681	3.42364	14	10	3	0	0	0	1	0	0
NA07048	21	16830686	16838681	3.42364	14	10	3	0	0	0	1	0	0
NA06984	21	16830686	16838681	4.3087	14	13	0	0	0	0	1	0	0
NA07000	21	16830686	16838681	4.3087	14	13	0	0	0	0	1	0	0
NA07029	21	16830686	16838681	4.3087	14	13	0	0	0	0	1	0	0
NA07034	21	16830686	16838681	4.3087	14	13	0	0	0	0	1	0	0
NA07045	21	16830686	16838681	4.3087	14	13	0	0	0	0	1	0	0
NA06995	21	16964012	16969456	5.88118	16	14	1	0	0	2	0	1	0
NA06993	21	16964012	16969456	5.88118	16	14	1	0	0	2	0	1	0
NA07037	21	16964012	16969456	7.07594	16	14	1	0	0	2	0	1	0
NA06984	21	16964012	16969456	7.07594	16	14	1	0	0	2	0	1	0
NA06984	21	17008329	17013179	4.32078	15	15	0	0	0	0	0	0	0
NA06995	21	17008329	17013179	4.62023	15	15	0	0	0	0	0	0	0
NA07022	21	17008329	17013179	4.62023	15	15	0	0	0	0	0	0	0
NA06985	21	17145462	17159455	3.96491	10	9	0	0	0	1	0	0	0
NA06991	21	17145462	17159455	3.96491	10	9	0	0	0	1	0	0	0
NA07019	21	17146493	17159455	3.27987	9	6	2	0	0	1	0	0	0
NA07022	21	17146493	17159455	3.04161	9	5	3	0	0	1	0	0	0
NA06984	21	17354152	17357896	3.00861	5	5	0	0	0	0	0	0	0
NA06985	21	17354152	17357896	3.00861	5	5	0	0	0	0	0	0	0
NA07022	21	17354152	17357896	3.00861	5	5	0	0	0	0	0	0	0
NA06989	21	17354152	17357896	4.50985	5	5	0	0	0	0	0	0	0
NA07014	21	17624895	17630835	3.0495	6	6	0	0	0	0	0	0	0
NA06995	21	17962334	17989831	3.23357	17	13	0	0	0	4	0	0	0
NA07029	21	17962334	17989831	3.23357	17	13	0	0	0	4	0	0	0
NA07048	21	17962334	17989831	3.23357	17	13	0	0	0	4	0	0	0
NA06994	21	17962334	18003926	5.2251	26	19	1	0	0	7	0	1	0
NA07034	21	17960007	18021811	5.43265	46	24	4	0	0	18	0	0	0
NA06986	21	18122775	18127299	4.82856	13	12	1	0	0	1	0	1	0
NA07037	21	18122775	18127299	4.53199	13	12	1	0	0	1	0	1	0
NA07048	21	18122775	18127299	4.53199	13	12	1	0	0	1	0	1	0
NA06984	21	18200941	18225436	7.33163	27	21	4	0	0	2	0	0	0
NA07014	21	18200941	18225436	7.33163	27	21	4	0	0	2	0	0	0
NA07031	21	18200941	18225436	7.33163	27	21	4	0	0	2	0	0	0
NA07034	21	18198290	18225436	7.84508	30	26	1	0	0	3	0	0	0
NA06984	21	18232569	18242463	4.10615	14	11	0	0	0	3	0	0	0
NA07014	21	18232569	18242463	4.10615	14	11	0	0	0	3	0	0	0
NA06986	21	18232569	18242463	5.00492	14	11	0	0	0	3	0	0	0
NA06984	21	18265094	18272380	5.07152	18	12	0	0	0	6	0	0	0
NA06986	21	18262373	18272380	5.48403	24	16	1	0	0	8	0	1	0
NA07014	21	18265094	18272380	5.07152	18	12	0	0	0	6	0	0	0
NA06989	21	18197190	18283487	14.0951	109	67	3	0	0	41	0	2	0
NA07022	21	18317702	18329463	3.511	13	12	0	0	0	1	0	0	0
NA06997	21	18317702	18329463	4.10735	13	12	0	0	0	1	0	0	0
NA07037	21	18317702	18329463	4.10735	13	12	0	0	0	1	0	0	0
NA07019	21	18366307	18387576	4.477	34	8	0	0	0	23	3	0	0
NA07022	21	18366307	18387576	4.477	34	8	0	0	0	23	3	0	0
NA06989	21	18366307	18387576	3.24436	34	8	0	0	0	23	3	0	0
NA07034	21	18366307	18411413	3.4322	74	16	3	0	0	53	3	1	0
NA07048	21	18390429	18411413	4.09766	34	8	0	0	0	26	0	0	0
NA06997	21	18390429	18411413	3.6019	34	8	0	0	0	26	0	0	0
NA07000	21	18366307	18387576	3.24436	34	8	0	0	0	23	3	0	0
NA07045	21	18390429	18411413	3.47157	34	8	0	0	0	26	0	0	0
NA07051	21	18366307	18387576	3.24436	34	8	0	0	0	23	3	0	0
NA06984	21	18415681	18418774	3.82364	9	9	0	0	0	0	0	0	0
NA06986	21	18413017	18420134	5.0182	12	12	0	0	0	0	0	0	0
NA06994	21	18413017	18420134	5.0182	12	12	0	0	0	0	0	0	0
NA07031	21	18413017	18420134	5.91719	12	12	0	0	0	0	0	0	0
NA06984	21	18424193	18430222	3.42937	7	6	0	0	0	1	0	0	0
NA06991	21	18504794	18513330	5.09979	32	31	0	0	0	1	0	0	0
NA06995	21	18504794	18513330	5.09979	32	31	0	0	0	1	0	0	0
NA06997	21	18504794	18513330	5.09979	32	31	0	0	0	1	0	0	0
NA07037	21	18504794	18513330	5.09979	32	31	0	0	0	1	0	0	0
NA07045	21	18504794	18513330	5.09979	32	31	0	0	0	1	0	0	0
NA06989	21	18504794	18513079	4.70161	31	30	0	0	0	1	0	0	0
NA07000	21	18504794	18513079	4.70161	31	30	0	0	0	1	0	0	0
NA07022	21	18504794	18513079	4.70161	31	30	0	0	0	1	0	0	0
NA06989	21	18515867	18521732	3.29306	9	7	0	0	0	2	0	0	0
NA07000	21	18515867	18521732	3.29306	9	7	0	0	0	2	0	0	0
NA07022	21	18515867	18521732	3.29306	9	7	0	0	0	2	0	0	0
NA06993	21	18478388	18513943	17.1713	72	62	5	0	0	10	0	5	0
NA06993	21	18515867	18521732	3.59116	9	7	0	0	0	2	0	0	0
NA07034	21	18489189	18513943	16.6563	61	54	4	0	0	7	0	4	0
NA07034	21	18515867	18521732	3.59116	9	7	0	0	0	2	0	0	0
NA07048	21	18489189	18513943	16.6563	61	54	4	0	0	7	0	4	0
NA07048	21	18515867	18521732	3.59116	9	7	0	0	0	2	0	0	0
NA06989	21	18536913	18541739	3.83228	16	14	1	0	0	2	0	1	0
NA06991	21	18536913	18541739	3.83228	16	14	1	0	0	2	0	1	0
NA06993	21	18536913	18541739	3.83228	16	14	1	0	0	2	0	1	0
NA07000	21	18536913	18541739	3.83228	16	14	1	0	0	2	0	1	0
NA07014	21	18536913	18541739	3.23022	16	14	1	0	0	2	0	1	0
NA07022	21	18536913	18541739	3.83228	16	14	1	0	0	2	0	1	0
NA07031	21	18536913	18541739	7.12585	16	14	1	0	0	2	0	1	0
NA07000	21	18542768	18552588	5.0061	15	11	0	0	0	4	0	0	0
NA06991	21	18542768	18552588	5.0061	15	11	0	0	0	4	0	0	0
NA06993	21	18542768	18552588	5.0061	15	11	0	0	0	4	0	0	0
NA07022	21	18542768	18552588	5.0061	15	11	0	0	0	4	0	0	0
NA06989	21	18542768	18552588	5.0061	15	11	0	0	0	4	0	0	0
NA06989	21	18659526	18674116	5.29069	31	12	0	0	0	18	1	0	0
NA06993	21	18659526	18674116	5.29069	31	12	0	0	0	18	1	0	0
NA06994	21	18659526	18674116	5.31188	31	12	0	0	0	18	1	0	0
NA07014	21	18659526	18674116	5.29069	31	12	0	0	0	18	1	0	0
NA07031	21	18659526	18674116	5.29069	31	12	0	0	0	18	1	0	0
NA07051	21	18659526	18674116	5.29069	31	12	0	0	0	18	1	0	0
NA06984	21	18659526	18674116	7.93938	31	12	0	0	0	18	1	0	0
NA06997	21	18694867	18706868	3.27768	18	18	0	0	0	0	0	0	0
NA07000	21	18694867	18706868	3.27768	18	18	0	0	0	0	0	0	0
NA07014	21	18694867	18706868	3.27768	18	18	0	0	0	0	0	0	0
NA07034	21	18694867	18706868	3.27768	18	18	0	0	0	0	0	0	0
NA07045	21	18694867	18706868	3.27768	18	18	0	0	0	0	0	0	0
NA07031	21	18686280	18706868	4.27225	25	23	0	0	0	2	0	0	0
NA06997	21	18709803	18721283	4.34001	23	21	0	0	0	2	0	0	0
NA07000	21	18709803	18721283	4.34001	23	21	0	0	0	2	0	0	0
NA07014	21	18709803	18721283	4.34001	23	21	0	0	0	2	0	0	0
NA07034	21	18709803	18721283	4.34001	23	21	0	0	0	2	0	0	0
NA07045	21	18709803	18721283	4.34001	23	21	0	0	0	2	0	0	0
NA06994	21	18736677	18746896	3.82216	20	15	1	0	0	5	0	1	0
NA07029	21	18736677	18746896	3.82216	20	15	1	0	0	5	0	1	0
NA06995	21	18736677	18746896	3.82216	20	15	1	0	0	5	0	1	0
NA07031	21	18709803	18761131	13.9319	78	56	0	0	0	22	0	0	0
NA06995	21	18766626	18771640	8.98736	27	26	0	0	0	0	1	0	0
NA07014	21	18766626	18780452	14.3196	64	60	3	0	0	2	1	2	0
NA06994	21	18766626	18780452	16.8728	64	61	2	0	0	2	1	2	0
NA07051	21	18766626	18780452	16.8728	64	61	2	0	0	2	1	2	0
NA06994	21	18812185	18824596	3.41384	18	12	0	0	0	6	0	0	0
NA07014	21	18812185	18824596	3.7116	18	12	0	0	0	6	0	0	0
NA07051	21	18812185	18824596	3.41384	18	12	0	0	0	6	0	0	0
NA06989	21	19058092	19061122	7.64717	12	11	1	0	0	0	0	0	0
NA07051	21	19058092	19061122	7.64717	12	11	1	0	0	0	0	0	0
NA06984	21	19058092	19061122	7.94155	12	12	0	0	0	0	0	0	0
NA07048	21	19058092	19061122	7.94155	12	12	0	0	0	0	0	0	0
NA07019	21	19061571	19077855	45.7677	72	63	5	0	0	6	1	3	0
NA07022	21	19061571	19077855	45.7677	72	63	5	0	0	6	1	3	0
NA07037	21	19061571	19077855	45.7677	72	63	5	0	0	6	1	3	0
NA06989	21	19268963	19288983	3.10586	30	24	4	0	0	4	0	2	0
NA07029	21	19268963	19288983	3.10586	30	24	4	0	0	4	0	2	0
NA07045	21	19268963	19288983	3.10586	30	24	4	0	0	4	0	2	0
NA07048	21	19268963	19288983	3.10586	30	24	4	0	0	4	0	2	0
NA06986	21	19268963	19289010	3.91238	31	27	2	0	0	4	0	2	0
NA06997	21	19268963	19289010	3.91238	31	27	2	0	0	4	0	2	0
NA07019	21	19268963	19289010	3.91238	31	27	2	0	0	4	0	2	0
NA07022	21	19268963	19289010	3.91238	31	27	2	0	0	4	0	2	0
NA07000	21	19268963	19289010	11.0934	31	27	2	0	0	4	0	2	0
NA06986	21	19379232	19395628	3.40977	18	14	0	0	0	4	0	0	0
NA06994	21	19354754	19395628	3.82181	29	20	2	0	0	7	1	1	0
NA06997	21	19379232	19395628	3.40977	18	14	0	0	0	4	0	0	0
NA07014	21	19354754	19395628	3.51217	29	21	1	0	0	7	1	1	0
NA07031	21	19379232	19395628	3.40977	18	14	0	0	0	4	0	0	0
NA07045	21	19379232	19395628	3.40977	18	14	0	0	0	4	0	0	0
NA07051	21	19354754	19395628	3.51217	29	21	1	0	0	7	1	1	0
NA06995	21	19457082	19464920	3.15421	11	6	0	0	0	5	0	0	0
NA07014	21	19457082	19464920	3.15421	11	6	0	0	0	5	0	0	0
NA07051	21	19457582	19464920	3.05842	10	5	0	0	0	5	0	0	0
NA06984	21	19457082	19464920	4.59825	11	6	0	0	0	5	0	0	0
NA07000	21	19521760	19532588	3.11064	37	16	2	0	0	17	3	1	0
NA07014	21	19521760	19532588	3.11064	37	16	2	0	0	17	3	1	0
NA07051	21	19521760	19532588	3.11064	37	16	2	0	0	17	3	1	0
NA06985	21	19525490	19532588	5.7252	24	7	0	0	0	15	2	0	0
NA06991	21	19525490	19532588	4.12724	24	7	0	0	0	15	2	0	0
NA06994	21	19525490	19532588	4.12724	24	7	0	0	0	15	2	0	0
NA07014	21	19541736	19550659	3.33878	14	7	0	0	0	7	0	0	0
NA06984	21	19552231	19560484	3.20909	23	19	0	0	0	4	0	0	0
NA06985	21	19552231	19560484	3.50718	23	19	0	0	0	4	0	0	0
NA06986	21	19552231	19560484	3.20909	23	19	0	0	0	4	0	0	0
NA06995	21	19552231	19560484	3.20909	23	19	0	0	0	4	0	0	0
NA06997	21	19552231	19560484	3.20909	23	19	0	0	0	4	0	0	0
NA07000	21	19552231	19560484	3.20909	23	19	0	0	0	4	0	0	0
NA07014	21	19552231	19560484	3.50718	23	19	0	0	0	4	0	0	0
NA07037	21	19552231	19560484	3.20909	23	19	0	0	0	4	0	0	0
NA07051	21	19552231	19560484	3.20909	23	19	0	0	0	4	0	0	0
NA06994	21	19667014	19672209	4.06756	10	9	1	0	0	0	0	0	0
NA07000	21	19667014	19672209	4.06756	10	9	1	0	0	0	0	0	0
NA06993	21	19667014	19672209	4.65437	10	10	0	0	0	0	0	0	0
NA07029	21	19667014	19684093	7.5352	19	17	2	0	0	2	0	2	0
NA06989	21	19705627	19713864	3.08048	9	8	1	0	0	0	0	0	0
NA07019	21	19705627	19713864	3.08048	9	8	1	0	0	0	0	0	0
NA07031	21	19705627	19713864	3.37146	9	9	0	0	0	0	0	0	0
NA07048	21	19705627	19713864	3.08048	9	8	1	0	0	0	0	0	0
NA06985	21	19705627	19713864	3.37146	9	9	0	0	0	0	0	0	0
NA06991	21	19705627	19713864	3.37146	9	9	0	0	0	0	0	0	0
NA06993	21	19705627	19713864	3.37146	9	9	0	0	0	0	0	0	0
NA07022	21	19705627	19713864	3.37146	9	9	0	0	0	0	0	0	0
NA06985	21	19969821	19989084	4.05472	26	24	0	0	0	2	0	0	0
NA06989	21	19969821	19989084	4.05472	26	24	0	0	0	2	0	0	0
NA06991	21	19969821	19989084	4.05472	26	24	0	0	0	2	0	0	0
NA07048	21	19969821	19989084	4.05472	26	24	0	0	0	2	0	0	0
